5.727570000000000000e+05
5.727730000000000000e+05
5.712950000000000000e+05
5.713360000000000000e+05
5.713650000000000000e+05
5.727510000000000000e+05
5.711250000000000000e+05
5.727710000000000000e+05
5.728190000000000000e+05
5.725080000000000000e+05
5.713700000000000000e+05
5.712840000000000000e+05
5.713050000000000000e+05
5.713750000000000000e+05
5.713270000000000000e+05
5.726840000000000000e+05
5.727360000000000000e+05
5.725030000000000000e+05
5.711350000000000000e+05
5.712800000000000000e+05
5.724990000000000000e+05
5.713600000000000000e+05
5.713730000000000000e+05
5.712780000000000000e+05
5.713040000000000000e+05
5.727200000000000000e+05
5.726730000000000000e+05
5.727110000000000000e+05
5.712850000000000000e+05
5.727470000000000000e+05
5.713100000000000000e+05
5.713420000000000000e+05
5.726960000000000000e+05
5.727780000000000000e+05
5.727300000000000000e+05
5.712860000000000000e+05
5.711330000000000000e+05
5.727430000000000000e+05
5.727620000000000000e+05
5.725090000000000000e+05
5.725000000000000000e+05
5.713080000000000000e+05
5.713870000000000000e+05
5.713640000000000000e+05
5.713020000000000000e+05
5.726860000000000000e+05
5.711270000000000000e+05
5.712890000000000000e+05
5.727250000000000000e+05
5.713010000000000000e+05
5.712970000000000000e+05
5.713170000000000000e+05
5.711310000000000000e+05
5.726890000000000000e+05
5.726830000000000000e+05
5.727040000000000000e+05
5.728200000000000000e+05
5.713680000000000000e+05
5.726750000000000000e+05
5.712820000000000000e+05
5.727100000000000000e+05
5.713620000000000000e+05
5.713840000000000000e+05
5.713740000000000000e+05
5.713860000000000000e+05
5.712940000000000000e+05
5.713850000000000000e+05
5.727460000000000000e+05
5.726850000000000000e+05
5.713130000000000000e+05
5.712980000000000000e+05
5.713190000000000000e+05
5.713710000000000000e+05
5.713390000000000000e+05
5.713140000000000000e+05
5.711940000000000000e+05
5.712740000000000000e+05
5.713030000000000000e+05
5.713120000000000000e+05
5.727420000000000000e+05
5.713110000000000000e+05
5.727480000000000000e+05
5.713780000000000000e+05
5.712920000000000000e+05
5.713250000000000000e+05
5.727010000000000000e+05
5.727020000000000000e+05
5.713300000000000000e+05
5.727260000000000000e+05
5.726820000000000000e+05
5.712960000000000000e+05
5.713150000000000000e+05
5.727500000000000000e+05
5.725010000000000000e+05
5.712750000000000000e+05
5.713720000000000000e+05
5.727450000000000000e+05
5.726980000000000000e+05
5.726940000000000000e+05
5.727410000000000000e+05
5.713670000000000000e+05
5.727320000000000000e+05
5.727490000000000000e+05
5.727090000000000000e+05
5.713690000000000000e+05
5.727560000000000000e+05
5.725020000000000000e+05
5.726900000000000000e+05
5.713220000000000000e+05
5.712810000000000000e+05
5.727580000000000000e+05
5.728210000000000000e+05
5.727680000000000000e+05
5.727270000000000000e+05
5.727380000000000000e+05
5.713240000000000000e+05
5.713660000000000000e+05
5.711980000000000000e+05
5.728170000000000000e+05
5.711260000000000000e+05
5.727160000000000000e+05
5.727290000000000000e+05
5.727080000000000000e+05
5.726870000000000000e+05
5.727370000000000000e+05
5.727280000000000000e+05
5.727220000000000000e+05
5.727390000000000000e+05
5.727600000000000000e+05
5.726910000000000000e+05
5.727440000000000000e+05
5.727720000000000000e+05
5.727240000000000000e+05
5.728160000000000000e+05
5.713380000000000000e+05
5.711300000000000000e+05
5.727330000000000000e+05
5.712730000000000000e+05
5.727070000000000000e+05
5.727350000000000000e+05
5.713160000000000000e+05
5.711290000000000000e+05
5.712880000000000000e+05
5.713070000000000000e+05
5.711950000000000000e+05
5.726770000000000000e+05
5.724960000000000000e+05
5.713180000000000000e+05
5.712770000000000000e+05
5.727400000000000000e+05
5.711320000000000000e+05
5.726800000000000000e+05
5.727340000000000000e+05
5.727690000000000000e+05
5.726990000000000000e+05
5.726760000000000000e+05
5.713230000000000000e+05
5.711340000000000000e+05
5.713370000000000000e+05
5.726920000000000000e+05
5.724970000000000000e+05
5.713610000000000000e+05
5.713090000000000000e+05
5.727740000000000000e+05
5.713210000000000000e+05
5.727030000000000000e+05
5.713060000000000000e+05
5.727540000000000000e+05
5.727230000000000000e+05
5.726930000000000000e+05
5.711930000000000000e+05
5.727210000000000000e+05
5.726740000000000000e+05
5.727700000000000000e+05
5.712790000000000000e+05
5.726720000000000000e+05
5.726950000000000000e+05
5.712870000000000000e+05
5.713900000000000000e+05
5.726790000000000000e+05
5.712830000000000000e+05
5.727170000000000000e+05
5.727520000000000000e+05
5.727550000000000000e+05
5.727000000000000000e+05
5.725110000000000000e+05
5.712930000000000000e+05
5.726970000000000000e+05
5.727310000000000000e+05
5.726880000000000000e+05
5.727770000000000000e+05
5.728220000000000000e+05
5.712760000000000000e+05
5.712710000000000000e+05
5.727530000000000000e+05
5.713630000000000000e+05
5.726810000000000000e+05
5.713260000000000000e+05
5.712900000000000000e+05
5.727050000000000000e+05
5.712910000000000000e+05
5.712690000000000000e+05
5.712990000000000000e+05
5.726780000000000000e+05
5.727610000000000000e+05
5.712700000000000000e+05
5.727190000000000000e+05
5.713200000000000000e+05
5.713000000000000000e+05
5.727760000000000000e+05
